Row.names,epi_variance,inflam_til_variance,residuals_variance,type
ENSG00000000003,0.225444081,0.021300173,0.753255746,deep
ENSG00000000005,0.015402439,0.014542935,0.970054625,deep
ENSG00000000419,0.053385989,0.056015648,0.890598363,deep
ENSG00000000457,0.030092148,0.010416847,0.959491005,deep
ENSG00000000460,0.000184469,2.45E-07,0.999815287,deep
ENSG00000000938,0.00136652,0.109196487,0.889436993,deep
ENSG00000000971,0.118324966,0.016121595,0.86555344,deep
ENSG00000001036,0.097600108,6.56E-05,0.902334336,deep
ENSG00000001084,0.0301993,0.082278442,0.887522258,deep
ENSG00000001167,0.032444999,0.000169766,0.967385235,deep
ENSG00000001460,0.102616956,0.021134178,0.876248866,deep
ENSG00000001461,0.145671924,0.001075325,0.853252751,deep
ENSG00000001497,0.03525905,0.034478797,0.930262153,deep
ENSG00000001561,0.072513961,0.033489724,0.893996316,deep
ENSG00000001617,0.028397405,0.005650491,0.965952104,deep
ENSG00000001626,0.00240866,0.100029912,0.897561429,deep
ENSG00000001629,0.000291532,0.033792348,0.96591612,deep
ENSG00000001630,0.13202404,0.064929337,0.803046623,deep
ENSG00000001631,0.098462281,0.002477627,0.899060092,deep
ENSG00000002016,0.009239899,0.010396466,0.980363635,deep
ENSG00000002079,0.012308863,3.02E-05,0.987660914,deep
ENSG00000002330,0.02013633,0.024460893,0.955402777,deep
ENSG00000002549,0.004896844,0.066868122,0.928235034,deep
ENSG00000002586,0.001369626,0.000912152,0.997718222,deep
ENSG00000002587,0.004562611,0.122950342,0.872487047,deep
ENSG00000002726,0.080562407,0.003720772,0.915716822,deep
ENSG00000002745,0.023043095,0.018160641,0.958796264,deep
ENSG00000002746,0.036218589,0.040503474,0.923277937,deep
ENSG00000002822,0.015212804,0.01310825,0.971678946,deep
ENSG00000002834,0.030250717,0.056146878,0.913602406,deep
ENSG00000002919,0.016323454,0.011750617,0.971925928,deep
ENSG00000002933,0.015682057,0.10093411,0.883383833,deep
ENSG00000003056,0.020594141,0.065840104,0.913565755,deep
ENSG00000003096,0.079501282,4.16E-05,0.920457123,deep
ENSG00000003137,0.011878402,0.000165532,0.987956066,deep
ENSG00000003147,0.306247418,0.016690066,0.677062516,deep
ENSG00000003249,0.125136867,0.006342059,0.868521074,deep
ENSG00000003393,0.101988148,0.026880584,0.871131267,deep
ENSG00000003400,0.002985843,0.053175173,0.943838984,deep
ENSG00000003402,0.00103802,0.013535113,0.985426867,deep
ENSG00000003436,0.148669764,0.067813197,0.783517039,deep
ENSG00000003509,0.079926554,0.000295319,0.919778126,deep
ENSG00000003756,0.014448137,0.017319309,0.968232555,deep
ENSG00000003987,0.000670967,0.000276393,0.99905264,deep
ENSG00000003989,0.062656995,0.015894687,0.921448318,deep
ENSG00000004059,0.054704769,0.012575043,0.932720188,deep
ENSG00000004139,0.047721343,6.28E-05,0.952215875,deep
ENSG00000004142,0.110176904,0.106210776,0.78361232,deep
ENSG00000004399,0.04171095,0.110351747,0.847937303,deep
ENSG00000004455,0.026866698,0.02952714,0.943606162,deep
ENSG00000004468,0.128128403,0.000339505,0.871532092,deep
ENSG00000004478,0.090835476,0.085352372,0.823812152,deep
ENSG00000004487,0.032920595,0.059962995,0.907116409,deep
ENSG00000004534,0.05783446,0.022623376,0.919542165,deep
ENSG00000004660,0.035887882,0.004458841,0.959653278,deep
ENSG00000004700,0.11700015,0.076387668,0.806612182,deep
ENSG00000004766,0.00168481,0.000315686,0.997999505,deep
ENSG00000004776,0.316239388,0.001880584,0.681880028,deep
ENSG00000004777,0.027486595,0.005629948,0.966883457,deep
ENSG00000004779,0.074544603,0.011881388,0.913574009,deep
ENSG00000004799,0.007161838,0.004584565,0.988253597,deep
ENSG00000004838,0.001106631,0.000298506,0.998594863,deep
ENSG00000004846,1.46E-05,0.000136304,0.99984913,deep
ENSG00000004848,0.0508651,0.000897162,0.948237737,deep
ENSG00000004864,0.19856041,0.019432298,0.782007292,deep
ENSG00000004866,4.90E-05,0.002331981,0.997619063,deep
ENSG00000004897,0.162555248,0.06921715,0.768227602,deep
ENSG00000004961,0.013088388,0.005437756,0.981473856,deep
ENSG00000004975,5.30E-05,0.115849734,0.884097301,deep
ENSG00000005001,0.018285961,0.055139746,0.926574293,deep
ENSG00000005007,0.10034211,0.037188234,0.862469655,deep
ENSG00000005020,0.014671534,0.000177315,0.985151151,deep
ENSG00000005022,0.000620843,0.011027463,0.988351694,deep
ENSG00000005059,0.06887947,0.136978806,0.794141725,deep
ENSG00000005073,0.030816644,0.009720104,0.959463252,deep
ENSG00000005075,0.00416077,0.01071658,0.98512265,deep
ENSG00000005100,0.035610447,0.004106837,0.960282716,deep
ENSG00000005102,0.057671175,0.012445422,0.929883404,deep
ENSG00000005108,0.329778648,0.003174984,0.667046368,deep
ENSG00000005156,0.152127901,0.100960524,0.746911575,deep
ENSG00000005175,0.017480636,0.004462245,0.978057119,deep
ENSG00000005187,0.035927518,0.003322694,0.960749789,deep
ENSG00000005189,0.092644866,0.047675378,0.859679756,deep
ENSG00000005194,0.146237739,9.68E-05,0.853665446,deep
ENSG00000005206,0.006351724,0.01019791,0.983450366,deep
ENSG00000005238,0.016907002,0.007145388,0.97594761,deep
ENSG00000005243,0.348560075,0.000222511,0.651217413,deep
ENSG00000005249,0.210959089,0.012658092,0.776382819,deep
ENSG00000005302,0.065106898,0.053722374,0.881170727,deep
ENSG00000005339,0.021066611,0.000921409,0.97801198,deep
ENSG00000005379,0.05550615,0.004581317,0.939912533,deep
ENSG00000005381,0.017427251,0.036480953,0.946091797,deep
ENSG00000005421,0.020968804,3.72E-05,0.978993978,deep
ENSG00000005436,0.029987243,0.046582001,0.923430756,deep
ENSG00000005448,0.013781041,0.016166861,0.970052098,deep
ENSG00000005469,0.076136618,0.04072845,0.883134932,deep
ENSG00000005471,0.002105827,0.020440885,0.977453288,deep
ENSG00000005483,0.004534505,0.004161066,0.991304428,deep
ENSG00000005486,0.097243296,0.024546795,0.878209909,deep
ENSG00000005513,0.000528827,0.00984032,0.989630853,deep
ENSG00000005700,0.091898721,0.053020923,0.855080356,deep
ENSG00000005801,0.006311466,5.39E-08,0.99368848,deep
ENSG00000005810,0.086916597,0.019168378,0.893915026,deep
ENSG00000005812,0.055740664,0.000176163,0.944083173,deep
ENSG00000005844,0.003488216,0.191313186,0.805198597,deep
ENSG00000005882,0.158104181,0.004512301,0.837383518,deep
ENSG00000005884,0.045355832,0.010520161,0.944124007,deep
ENSG00000005889,0.006550704,0.032294388,0.961154908,deep
ENSG00000005893,0.317539967,0.008027098,0.674432935,deep
ENSG00000005961,0.059302431,0.007727112,0.932970456,deep
ENSG00000005981,0.005372308,0.000123255,0.994504437,deep
ENSG00000006007,0.004283888,0.002216345,0.993499768,deep
ENSG00000006015,0.00101062,1.79E-05,0.998971518,deep
ENSG00000006016,0.000895478,0.00526344,0.993841082,deep
ENSG00000006025,0.007603513,0.019570745,0.972825741,deep
ENSG00000006042,0.151686134,0.002236271,0.846077595,deep
ENSG00000006047,0.000233379,0.001180341,0.99858628,deep
ENSG00000006062,0.034806224,0.065603836,0.89958994,deep
ENSG00000006071,0.015331361,0.012144424,0.972524215,deep
ENSG00000006118,0.007958832,0.092104223,0.899936945,deep
ENSG00000006125,0.011953296,0.009073929,0.978972775,deep
ENSG00000006128,0.044844429,0.007840943,0.947314628,deep
ENSG00000006194,0.000264353,0.004237999,0.995497649,deep
ENSG00000006210,0.063970902,0.119736058,0.81629304,deep
ENSG00000006282,0.001190741,0.017034944,0.981774315,deep
ENSG00000006283,0.078094335,0.02679006,0.895115605,deep
ENSG00000006327,0.071152699,0.009051759,0.919795542,deep
ENSG00000006432,0.175769811,1.48E-06,0.824228713,deep
ENSG00000006451,0.039000978,0.037990186,0.923008836,deep
ENSG00000006453,0.233784629,0.007363903,0.758851468,deep
ENSG00000006459,0.069835812,0.050421365,0.879742823,deep
ENSG00000006468,0.068311162,0.000599556,0.931089282,deep
ENSG00000006530,0.017587804,0.031038368,0.951373828,deep
ENSG00000006534,0.063685726,0.054026794,0.88228748,deep
ENSG00000006555,0.342821621,0.001358413,0.655819965,deep
ENSG00000006576,0.244943495,0.08264743,0.672409075,deep
ENSG00000006607,0.031683329,0.043724732,0.924591939,deep
ENSG00000006625,0.062806114,0.04693595,0.890257936,deep
ENSG00000006634,0.142625193,0.001552967,0.855821841,deep
ENSG00000006638,0.082264081,0.002741208,0.914994711,deep
ENSG00000006652,0.012552995,0.000708974,0.986738031,deep
ENSG00000006695,3.71E-05,0.008910245,0.991052646,deep
ENSG00000006704,0.018984967,0.144817352,0.836197681,deep
ENSG00000006712,0.000537441,0.000128585,0.999333974,deep
ENSG00000006715,1.92E-05,0.0044547,0.995526054,deep
ENSG00000006740,0.046194271,0.004274532,0.949531198,deep
ENSG00000006744,0.018830303,0.036211853,0.944957845,deep
ENSG00000006747,0.04593818,0.012537709,0.941524111,deep
ENSG00000006756,0.237378933,0.01369991,0.748921157,deep
ENSG00000006757,0.086060147,0.136069366,0.777870487,deep
ENSG00000006831,0.124592418,0.032816953,0.842590628,deep
ENSG00000006837,0.003824379,0.011185401,0.98499022,deep
ENSG00000007001,0.013048851,0.007716113,0.979235036,deep
ENSG00000007038,0.033682504,0.00588668,0.960430816,deep
ENSG00000007047,0.023073131,0.028755048,0.948171821,deep
ENSG00000007062,0.012112088,0.070029664,0.917858247,deep
ENSG00000007080,0.064688535,0.000249393,0.935062072,deep
ENSG00000007129,0.003442231,0.084699753,0.911858015,deep
ENSG00000007168,0.147046939,0.002450924,0.850502137,deep
ENSG00000007171,0.008889541,0.03890667,0.952203789,deep
ENSG00000007174,0.039015916,0.00023506,0.960749024,deep
ENSG00000007202,0.020565362,0.011458723,0.967975915,deep
ENSG00000007237,0.003268162,0.028984538,0.9677473,deep
ENSG00000007255,0.064998067,0.001904507,0.933097427,deep
ENSG00000007264,0.003995359,0.171921041,0.824083599,deep
ENSG00000007312,0.03129176,0.098861224,0.869847016,deep
ENSG00000007314,0.009439055,0.0014099,0.989151045,deep
ENSG00000007341,0.014133273,0.047027637,0.93883909,deep
ENSG00000007372,0.014886373,0.000499626,0.984614001,deep
ENSG00000007376,1.80E-05,0.000272725,0.999709324,deep
ENSG00000007384,0.017948405,0.079962384,0.902089211,deep
ENSG00000007392,0.091829749,0.010992633,0.897177617,deep
ENSG00000007402,0.167210405,0.082019015,0.750770581,deep
ENSG00000007516,0.069912527,0.003039817,0.927047656,deep
ENSG00000007520,0.099009984,0.005094856,0.89589516,deep
ENSG00000007541,0.003500277,0.020476974,0.976022749,deep
ENSG00000007545,0.013526949,0.000521949,0.985951103,deep
ENSG00000007866,0.160250293,0.0005646,0.839185107,deep
ENSG00000007908,0.015967948,0.058813115,0.925218937,deep
ENSG00000007923,0.106804439,0.049450752,0.843744809,deep
ENSG00000007933,0.019381721,0.113369135,0.867249145,deep
ENSG00000007944,0.028243367,0.008141662,0.963614971,deep
ENSG00000007952,0.000462482,0.007623877,0.991913641,deep
ENSG00000007968,0.007639552,0.07223557,0.920124878,deep
ENSG00000008018,0.014882705,0.002758935,0.98235836,deep
ENSG00000008056,0.042795971,0.002732343,0.954471685,deep
ENSG00000008083,0.10264739,0.035543065,0.861809545,deep
ENSG00000008086,0.169592682,0.026987724,0.803419595,deep
ENSG00000008118,0.085148999,0.015532496,0.899318505,deep
ENSG00000008128,0.004774141,0.001689889,0.99353597,deep
ENSG00000008130,0.276586805,0.007982317,0.715430878,deep
ENSG00000008226,0.052819802,0.066324496,0.880855702,deep
ENSG00000008256,0.012281721,0.000185329,0.98753295,deep
ENSG00000008277,0.173575214,0.031018825,0.795405961,deep
ENSG00000008282,0.007887384,0.017537897,0.974574719,deep
ENSG00000008283,0.252131077,0.005492509,0.742376414,deep
ENSG00000008294,0.293069539,0.006853194,0.700077266,deep
ENSG00000008300,0.006916928,0.006161323,0.986921748,deep
ENSG00000008311,0.039936054,0.006584697,0.953479249,deep
ENSG00000008323,0.020129709,0.002086546,0.977783745,deep
ENSG00000008324,0.030842867,0.039970424,0.929186709,deep
ENSG00000008382,0.010086965,0.04940895,0.940504084,deep
ENSG00000008394,0.063645769,0.023725171,0.91262906,deep
ENSG00000008405,0.01603933,0.019268998,0.964691672,deep
ENSG00000008441,0.059154616,0.053657641,0.887187743,deep
ENSG00000008513,0.075018127,0.046499955,0.878481918,deep
ENSG00000008516,0.0262836,0.056810765,0.916905634,deep
ENSG00000008517,0.044272953,0.140866632,0.814860415,deep
ENSG00000008710,0.263695729,0.002258217,0.734046055,deep
ENSG00000008735,0.091090789,0.102400251,0.80650896,deep
ENSG00000008838,0.104059881,0.01721389,0.878726229,deep
ENSG00000008853,0.16418033,0.010289814,0.825529856,deep
ENSG00000008869,0.276506441,0.017110662,0.706382897,deep
ENSG00000008952,0.056500324,0.005983062,0.937516614,deep
ENSG00000008988,0.002055172,0.004030693,0.993914135,deep
ENSG00000009307,0.213452471,0.013954889,0.772592639,deep
ENSG00000009335,0.017081307,6.09E-05,0.982857769,deep
ENSG00000009413,0.083227208,0.018694304,0.898078488,deep
ENSG00000009694,0.033428538,0.018271056,0.948300405,deep
ENSG00000009724,0.00280639,0.047864886,0.949328724,deep
ENSG00000009765,0.135553602,0.004226837,0.860219561,deep
ENSG00000009780,0.085130635,0.026966256,0.887903109,deep
ENSG00000009790,0.000797338,0.180796518,0.818406144,deep
ENSG00000009830,0.00193221,0.003174117,0.994893673,deep
ENSG00000009844,0.024635126,0.003978105,0.971386769,deep
ENSG00000009950,0.047951611,0.002953043,0.949095346,deep
ENSG00000009954,0.015755407,0.000267165,0.983977428,deep
ENSG00000010017,0.031628027,0.009768444,0.958603529,deep
ENSG00000010030,0.027243529,0.085925033,0.886831438,deep
ENSG00000010072,0.104241711,0.002766305,0.892991984,deep
ENSG00000010165,0.177603127,1.51E-07,0.822396722,deep
ENSG00000010219,0.026992821,0.0006073,0.972399879,deep
ENSG00000010244,0.000491195,0.001146944,0.998361861,deep
ENSG00000010256,0.109202954,0.005941265,0.884855781,deep
ENSG00000010270,0.101127098,0.000863856,0.898009046,deep
ENSG00000010278,0.292104048,0.036186694,0.671709259,deep
ENSG00000010282,0.03709351,3.36E-05,0.962872863,deep
ENSG00000010292,0.002094921,0.015477415,0.982427664,deep
ENSG00000010295,0.377461174,0.012124801,0.610414025,deep
ENSG00000010310,0.001288278,0.002446104,0.996265617,deep
ENSG00000010318,0.046081599,0.092407692,0.861510708,deep
ENSG00000010319,0.000519432,0.002491659,0.996988908,deep
ENSG00000010322,0.055822945,0.048304256,0.895872799,deep
ENSG00000010327,0.020258031,0.08060634,0.899135629,deep
ENSG00000010361,0.006815994,0.001860545,0.991323462,deep
ENSG00000010379,0.02053503,0.026206885,0.953258085,deep
ENSG00000010404,0.174435138,0.000700143,0.824864719,deep
ENSG00000010539,0.026454828,0.002156827,0.971388345,deep
ENSG00000010610,0.003289733,0.102524743,0.894185524,deep
ENSG00000010626,0.012615267,0.004229585,0.983155148,deep
ENSG00000010671,0.000730099,0.149119403,0.850150498,deep
ENSG00000010704,0.019455982,0.034698884,0.945845134,deep
ENSG00000010803,0.068709673,0.011559496,0.919730831,deep
ENSG00000010810,0.052317343,0.174079371,0.773603286,deep
ENSG00000010818,0.064709971,0.016093744,0.919196285,deep
ENSG00000010932,5.90E-05,0.000474757,0.999466208,deep
ENSG00000011007,0.265666754,0.032327478,0.702005768,deep
ENSG00000011009,0.190978791,0.00210203,0.806919179,deep
ENSG00000011021,0.000206682,0.081645731,0.918147587,deep
ENSG00000011028,0.232318493,0.006817148,0.76086436,deep
ENSG00000011052,0.01833338,0.036713234,0.944953386,deep
ENSG00000011105,0.071005885,0.009397376,0.91959674,deep
ENSG00000011114,9.93E-05,0.006837544,0.993063199,deep
ENSG00000011132,0.012940186,0.00699192,0.980067893,deep
ENSG00000011143,0.035995037,0.009768581,0.954236382,deep
ENSG00000011198,0.000710211,0.001006276,0.998283514,deep
ENSG00000011201,0.110112021,0.004100299,0.885787679,deep
ENSG00000011243,0.037909004,0.016832547,0.945258449,deep
ENSG00000011258,0.04913505,0.00687766,0.94398729,deep
ENSG00000011260,0.039817471,0.001132649,0.95904988,deep
ENSG00000011275,0.135763845,4.59E-06,0.864231561,deep
ENSG00000011295,0.130575433,0.052288577,0.81713599,deep
ENSG00000011304,0.07782865,0.015694448,0.906476903,deep
ENSG00000011332,0.038168925,6.13E-05,0.961769781,deep
ENSG00000011347,0.231507779,0.033679279,0.734812942,deep
ENSG00000011376,0.165275749,0.049795751,0.784928499,deep
ENSG00000011405,0.007810899,0.002311769,0.989877332,deep
ENSG00000011422,0.003324895,0.099475589,0.897199515,deep
ENSG00000011426,0.000415901,0.03330002,0.966284079,deep
ENSG00000011451,0.010870394,4.20E-07,0.989129186,deep
ENSG00000011454,0.054287268,0.002762914,0.942949818,deep
ENSG00000011465,0.165507616,0.000483163,0.834009221,deep
ENSG00000011478,0.111621365,0.016408252,0.871970383,deep
ENSG00000011485,0.003055514,0.067694582,0.929249904,deep
ENSG00000011523,0.223940986,0.039708802,0.736350211,deep
ENSG00000011566,0.077036646,0.01501717,0.907946184,deep
ENSG00000011590,0.010983437,0.003684746,0.985331818,deep
ENSG00000011600,0.000633685,0.14356714,0.855799175,deep
ENSG00000011638,9.03E-05,0.00806918,0.991840496,deep
ENSG00000012048,0.003890979,0.009776022,0.986332999,deep
ENSG00000012061,0.041695233,0.003385971,0.954918795,deep
ENSG00000012124,0.06836737,0.086796586,0.844836044,deep
ENSG00000012171,0.133079078,0.007350059,0.859570864,deep
ENSG00000012174,0.091722995,0.042139931,0.866137074,deep
ENSG00000012211,0.107566819,0.006169244,0.886263937,deep
ENSG00000012223,0.000765203,0.098572743,0.900662053,deep
ENSG00000012232,0.071667922,0.014872741,0.913459337,deep
ENSG00000012660,0.202410736,0.059320768,0.738268496,deep
ENSG00000012779,0.039010962,0.026104146,0.934884892,deep
ENSG00000012817,0.010046596,0.008988455,0.980964949,deep
ENSG00000012822,0.135631033,0.002794998,0.861573969,deep
ENSG00000012963,4.66E-05,0.05441176,0.945541669,deep
ENSG00000012983,0.224198752,0.078650134,0.697151114,deep
ENSG00000013016,0.166823132,0.031713758,0.801463111,deep
ENSG00000013275,0.008882456,0.099870244,0.891247299,deep
ENSG00000013288,0.107013151,0.007605382,0.885381468,deep
ENSG00000013293,2.97E-05,0.003206096,0.996764178,deep
ENSG00000013297,0.114868823,0.072594149,0.812537028,deep
ENSG00000013306,0.093455883,0.013049424,0.893494693,deep
ENSG00000013364,0.040941548,0.095866458,0.863191994,deep
ENSG00000013374,0.025764242,0.018628097,0.955607661,deep
ENSG00000013375,0.228369619,0.056415245,0.715215136,deep
ENSG00000013392,0.153877063,0.058047607,0.78807533,deep
ENSG00000013441,0.063721123,0.000127451,0.936151426,deep
ENSG00000013503,0.049679286,0.10760028,0.842720434,deep
ENSG00000013523,0.02480738,1.18E-05,0.975180812,deep
ENSG00000013561,0.007892636,0.107744061,0.884363303,deep
ENSG00000013563,0.222795432,0.016188635,0.761015933,deep
ENSG00000013573,0.000910737,0.000436749,0.998652514,deep
ENSG00000013583,0.016777542,0.048831886,0.934390571,deep
ENSG00000013588,0.019416715,0.071670746,0.908912539,deep
ENSG00000013619,0.195363182,0.010648796,0.793988022,deep
ENSG00000013725,0.002657918,0.20919167,0.788150412,deep
ENSG00000013810,0.002482709,0.14885602,0.848661272,deep
ENSG00000014123,0.145943066,0.009776935,0.844279999,deep
ENSG00000014138,0.022799007,0.001985912,0.975215082,deep
ENSG00000014164,0.031047428,0.016380226,0.952572347,deep
ENSG00000014216,0.018657965,0.012518896,0.968823139,deep
ENSG00000014257,0.098802289,0.009647644,0.891550067,deep
ENSG00000014641,0.004155488,0.004150355,0.991694157,deep
ENSG00000014824,0.235434443,0.029461035,0.735104522,deep
ENSG00000014914,0.370164591,0.001613466,0.628221943,deep
ENSG00000014919,0.046486988,0.051790965,0.901722048,deep
ENSG00000015133,0.151062496,0.008587344,0.84035016,deep
ENSG00000015153,0.100364564,0.001990665,0.897644771,deep
ENSG00000015171,0.194144959,0.018353635,0.787501406,deep
ENSG00000015285,0.000137211,0.153336389,0.846526399,deep
ENSG00000015475,0.013889052,0.070894227,0.915216721,deep
ENSG00000015479,0.023512,0.021087989,0.955400011,deep
ENSG00000015520,0.022245096,0.001013647,0.976741256,deep
ENSG00000015532,0.006069381,0.001660134,0.992270484,deep
ENSG00000015568,0.025761902,0.001798531,0.972439567,deep
ENSG00000015676,0.056175984,0.019643771,0.924180245,deep
ENSG00000016082,0.106093025,0.00077502,0.893131954,deep
ENSG00000016391,0.31160172,0.001741788,0.686656492,deep
ENSG00000016402,0.09253304,0.022144139,0.885322821,deep
ENSG00000016602,0.004468898,0.020744465,0.974786637,deep
ENSG00000016864,0.015865407,0.008530099,0.975604493,deep
ENSG00000017260,0.324615124,0.069547538,0.605837339,deep
ENSG00000017427,0.036671964,0.003457308,0.959870728,deep
ENSG00000017483,0.055380058,0.053736836,0.890883106,deep
ENSG00000017797,0.004000269,0.052849284,0.943150448,deep
ENSG00000018189,0.047659934,0.003751576,0.94858849,deep
ENSG00000018236,0.224330471,2.64E-05,0.775643132,deep
ENSG00000018280,0.014378664,0.028958245,0.956663091,deep
ENSG00000018408,0.18749328,0.068642694,0.743864026,deep
ENSG00000018510,0.22227376,0.057942861,0.719783378,deep
ENSG00000018610,0.004484521,3.96E-05,0.995475882,deep
ENSG00000018625,0.261585893,0.000560672,0.737853435,deep
ENSG00000018699,0.026891143,0.000738883,0.972369974,deep
ENSG00000018869,0.023016315,0.039337402,0.937646283,deep
ENSG00000019102,0.005452326,0.057459421,0.937088253,deep
ENSG00000019144,0.208490975,0.004170176,0.787338849,deep
ENSG00000019169,1.77E-06,0.003666802,0.996331432,deep
ENSG00000019186,0.003369008,0.084660839,0.911970153,deep
ENSG00000019485,0.085895988,0.001008179,0.913095833,deep
ENSG00000019505,0.12013414,0.001246601,0.878619259,deep
ENSG00000019549,0.02329607,0.002724206,0.973979725,deep
ENSG00000019582,0.00015496,0.128753592,0.871091448,deep
ENSG00000019991,0.08311873,0.127955113,0.788926157,deep
ENSG00000019995,0.091521494,0.000817534,0.907660971,deep
ENSG00000020129,0.009813905,0.01049107,0.979695026,deep
ENSG00000020181,0.274644391,0.015698904,0.709656706,deep
ENSG00000020256,0.059957979,0.031591643,0.908450378,deep
ENSG00000020426,0.003338853,1.04E-05,0.996650712,deep
ENSG00000020577,0.129176408,1.66E-05,0.870806982,deep
ENSG00000020633,0.001776209,0.206572973,0.791650817,deep
ENSG00000020922,0.005191065,0.003254147,0.991554788,deep
ENSG00000021300,0.118918632,0.003996716,0.877084653,deep
ENSG00000021355,0.102796628,0.123353697,0.773849675,deep
ENSG00000021461,0.001731606,0.123740758,0.874527636,deep
ENSG00000021488,0.003886297,0.017218672,0.978895032,deep
ENSG00000021574,0.070622305,3.28E-05,0.929344933,deep
ENSG00000021645,0.065163394,0.000362075,0.934474531,deep
ENSG00000021762,0.030272168,0.018350302,0.95137753,deep
ENSG00000021776,0.145054776,0.0012874,0.853657824,deep
ENSG00000021826,0.023409111,0.007816932,0.968773958,deep
ENSG00000022267,0.349663843,0.008643219,0.641692937,deep
ENSG00000022277,0.158112851,0.006309627,0.835577522,deep
ENSG00000022355,0.036800814,0.003177243,0.960021943,deep
ENSG00000022556,0.010329103,0.016093629,0.973577268,deep
ENSG00000022567,0.00052576,0.00053209,0.99894215,deep
ENSG00000022840,0.043776865,0.029547243,0.926675892,deep
ENSG00000022976,0.01677112,0.10472599,0.878502891,deep
ENSG00000023041,0.083395046,0.00975524,0.906849714,deep
ENSG00000023171,0.055865702,0.002221557,0.941912741,deep
ENSG00000023191,0.000763523,0.006263214,0.992973263,deep
ENSG00000023228,0.004158225,0.05960375,0.936238025,deep
ENSG00000023287,0.018617111,9.09E-07,0.98138198,deep
ENSG00000023318,0.152135885,0.008134866,0.839729249,deep
ENSG00000023330,0.033348564,0.000472564,0.966178872,deep
ENSG00000023445,0.00334921,0.189145754,0.807505036,deep
ENSG00000023516,0.156672638,0.002862207,0.840465155,deep
ENSG00000023572,0.137287195,0.024411774,0.838301031,deep
ENSG00000023608,0.011245865,0.000884305,0.98786983,deep
ENSG00000023697,0.002204242,0.060472843,0.937322915,deep
ENSG00000023734,0.009753533,0.005874154,0.984372313,deep
ENSG00000023839,0.002900434,2.17E-05,0.997077821,deep
ENSG00000023892,0.055290055,0.011326149,0.933383796,deep
ENSG00000023902,0.276193271,0.050168995,0.673637734,deep
ENSG00000023909,0.062639122,0.006453423,0.930907455,deep
ENSG00000024048,0.005244932,0.002536977,0.992218091,deep
ENSG00000024422,0.314528562,2.89E-05,0.685442547,deep
ENSG00000024526,0.012139129,0.052562223,0.935298648,deep
ENSG00000024862,0.078213108,0.003691819,0.918095073,deep
ENSG00000025039,0.22844816,1.62E-06,0.771550216,deep
ENSG00000025156,0.303076352,0.001361629,0.695562019,deep
ENSG00000025293,0.027981875,0.011210159,0.960807966,deep
ENSG00000025423,0.052185205,0.015907704,0.931907091,deep
ENSG00000025434,0.000180771,0.028973251,0.970845978,deep
ENSG00000025708,0.000283684,0.132340854,0.867375463,deep
ENSG00000025770,0.060281544,0.000297308,0.939421149,deep
ENSG00000025772,0.022982086,0.001162034,0.97585588,deep
ENSG00000025796,0.17935121,0.000278969,0.820369821,deep
ENSG00000025800,0.020703439,0.072226687,0.907069874,deep
ENSG00000026025,0.117023962,0.02563149,0.857344548,deep
ENSG00000026036,0.067291675,0.000215994,0.932492331,deep
ENSG00000026103,0.158617793,0.121664268,0.719717939,deep
ENSG00000026297,0.04483402,0.009126202,0.946039777,deep
ENSG00000026508,0.000817549,0.088136012,0.911046439,deep
ENSG00000026559,0.081564918,0.035636061,0.882799022,deep
ENSG00000026652,0.166772284,0.010159743,0.823067973,deep
ENSG00000026751,0.000337815,0.182681702,0.816980483,deep
ENSG00000026950,0.000507896,0.076738907,0.922753197,deep
ENSG00000027001,0.038572023,0.002042328,0.959385649,deep
ENSG00000027075,0.2594953,0.009516542,0.730988158,deep
ENSG00000027644,0.026129838,0.025706771,0.948163391,deep
ENSG00000027697,0.019700954,0.074378357,0.905920689,deep
ENSG00000027847,0.000399802,0.045049958,0.95455024,deep
ENSG00000027869,0.024483046,0.171355521,0.804161433,deep
ENSG00000028116,0.0334543,0.001097059,0.965448641,deep
ENSG00000028137,0.000947261,0.152435134,0.846617605,deep
ENSG00000028203,0.001407055,0.016066683,0.982526262,deep
ENSG00000028277,0.048382714,0.105898262,0.845719024,deep
ENSG00000028310,0.05134878,0.00591019,0.94274103,deep
ENSG00000028528,0.002011116,0.006795203,0.991193681,deep
ENSG00000028839,0.050910572,0.003896727,0.945192701,deep
ENSG00000029153,0.023295055,0.122195003,0.854509942,deep
ENSG00000029363,0.064019818,0.03679009,0.899190093,deep
ENSG00000029364,0.273016267,0.000465065,0.726518668,deep
ENSG00000029534,0.000200997,0.000144825,0.999654178,deep
ENSG00000029639,0.024757926,0.003751512,0.971490562,deep
ENSG00000029725,0.001490424,0.019859366,0.97865021,deep
ENSG00000029993,0.109094412,0.000304228,0.89060136,deep
ENSG00000030066,0.007533397,0.007454987,0.985011616,deep
ENSG00000030110,0.001764501,0.054944406,0.943291093,deep
ENSG00000030419,0.058141226,0.001635316,0.940223458,deep
ENSG00000030582,0.109331809,0.028371764,0.862296427,deep
ENSG00000031003,0.305256526,0.004549333,0.690194141,deep
ENSG00000031081,0.001732093,0.083307763,0.914960144,deep
ENSG00000031691,0.006714645,0.005301221,0.987984134,deep
ENSG00000031698,0.187324802,0.000336999,0.812338198,deep
ENSG00000031823,0.043617609,0.086946187,0.869436204,deep
ENSG00000032219,0.022007938,0.023501849,0.954490214,deep
ENSG00000032389,0.091562591,0.003690196,0.904747213,deep
ENSG00000032444,0.006882071,0.01966902,0.973448909,deep
ENSG00000032742,0.053155718,0.003776496,0.943067786,deep
ENSG00000033011,0.160684678,0.002693799,0.836621523,deep
ENSG00000033030,0.005009868,0.002999508,0.991990624,deep
ENSG00000033050,0.001658973,0.000680737,0.99766029,deep
ENSG00000033100,0.012164228,0.009958417,0.977877356,deep
ENSG00000033122,0.035158793,0.005993064,0.958848142,deep
ENSG00000033170,0.012675388,0.125476269,0.861848343,deep
ENSG00000033178,0.039192644,0.001730155,0.959077202,deep
ENSG00000033327,0.162507894,0.019686667,0.817805439,deep
ENSG00000033627,0.161639378,0.040916897,0.797443726,deep
ENSG00000033800,0.107424251,0.01476475,0.877810999,deep
ENSG00000033867,0.042080759,0.035312653,0.922606589,deep
ENSG00000034053,0.150167464,5.59E-05,0.849776613,deep
ENSG00000034152,0.000116307,0.03609394,0.963789753,deep
ENSG00000034239,0.014387269,0.001840901,0.98377183,deep
ENSG00000034510,0.040668335,0.034233172,0.925098493,deep
ENSG00000034533,0.105320824,0.018560305,0.876118871,deep
ENSG00000034677,0.182904805,0.053954044,0.763141151,deep
ENSG00000034693,0.050105801,0.056482378,0.89341182,deep
ENSG00000034713,0.068216035,0.068898841,0.862885124,deep
ENSG00000034971,0.117171125,0.018478964,0.864349912,deep
ENSG00000035115,0.031988025,0.022237013,0.945774962,deep
ENSG00000035141,0.073758081,0.017399147,0.908842772,deep
ENSG00000035403,0.398432987,0.000114574,0.601452439,deep
ENSG00000035499,0.005450449,0.006942647,0.987606904,deep
ENSG00000035664,8.86E-05,0.032087282,0.967824123,deep
ENSG00000035681,0.095165227,0.005100335,0.899734438,deep
ENSG00000035687,0.047611001,0.000246529,0.95214247,deep
ENSG00000035720,0.005842187,0.025318805,0.968839007,deep
ENSG00000035862,0.246680592,0.010063782,0.743255626,deep
ENSG00000035928,0.008540266,0.006117585,0.985342148,deep
ENSG00000036054,0.025124629,0.015802565,0.959072806,deep
ENSG00000036257,0.10861274,0.00341698,0.88797028,deep
ENSG00000036448,0.070388234,0.006766778,0.922844987,deep
ENSG00000036530,0.072561562,0.007499997,0.919938441,deep
ENSG00000036549,0.014543829,0.000459824,0.984996346,deep
ENSG00000036565,0.000130568,0.002445815,0.997423618,deep
ENSG00000036672,0.064175399,0.007633594,0.928191007,deep
ENSG00000037042,0.193059174,0.058072065,0.748868761,deep
ENSG00000037241,0.019506695,0.002042121,0.978451184,deep
ENSG00000037280,0.001044932,0.049686236,0.949268832,deep
ENSG00000037474,0.027032974,0.016278294,0.956688732,deep
ENSG00000037637,0.03966713,0.136294014,0.824038856,deep
ENSG00000037749,0.149409663,0.023030373,0.827559963,deep
ENSG00000037757,0.007081883,0.003356957,0.98956116,deep
ENSG00000037897,0.018957379,0.003808832,0.977233789,deep
ENSG00000038002,0.129427565,0.006722569,0.863849866,deep
ENSG00000038210,0.243702283,0.005532849,0.750764868,deep
ENSG00000038219,0.007762787,0.007898977,0.984338236,deep
ENSG00000038274,0.005119144,0.025927071,0.968953785,deep
ENSG00000038295,0.070543166,0.038326836,0.891129998,deep
ENSG00000038358,0.004420078,0.00905156,0.986528362,deep
ENSG00000038382,0.020297532,0.014083792,0.965618677,deep
ENSG00000038427,0.068853352,0.047647151,0.883499497,deep
ENSG00000038532,0.122521579,1.88E-05,0.877459622,deep
ENSG00000038945,0.004896822,0.042386563,0.952716615,deep
ENSG00000039068,0.3553506,0.019061174,0.625588226,deep
ENSG00000039123,0.092816981,0.032204117,0.874978903,deep
ENSG00000039139,0.105148012,0.012613527,0.882238461,deep
ENSG00000039319,0.15966753,0.000819235,0.839513235,deep
ENSG00000039523,0.121490128,0.003043257,0.875466615,deep
ENSG00000039537,0.043979836,0.001373144,0.95464702,deep
ENSG00000039560,0.159595014,4.31E-05,0.840361893,deep
ENSG00000039600,0.087166012,0.00124679,0.911587198,deep
ENSG00000039650,0.024825063,0.013849151,0.961325786,deep
ENSG00000040199,0.000345126,0.026187473,0.973467401,deep
ENSG00000040275,0.019875629,0.003589143,0.976535228,deep
ENSG00000040341,0.006538212,0.013463755,0.979998034,deep
ENSG00000040487,0.090817578,0.033918365,0.875264057,deep
ENSG00000040531,0.108848312,0.018377841,0.872773848,deep
ENSG00000040608,0.12295074,0.045122552,0.831926708,deep
ENSG00000040633,0.087244451,0.004155859,0.90859969,deep
ENSG00000040731,0.046790405,0.018546063,0.934663532,deep
ENSG00000040933,0.140748591,0.074085696,0.785165713,deep
ENSG00000041353,0.22982424,0.017371493,0.752804267,deep
ENSG00000041357,0.020679393,0.001970162,0.977350445,deep
ENSG00000041515,0.052767471,0.001462321,0.945770209,deep
ENSG00000041802,0.007876091,0.000264958,0.991858951,deep
ENSG00000041880,0.072982203,0.007599795,0.919418003,deep
ENSG00000041982,0.002721629,0.080101307,0.917177064,deep
ENSG00000041988,0.014021336,0.033041247,0.952937417,deep
ENSG00000042062,0.069768077,0.087927203,0.84230472,deep
ENSG00000042088,0.026781541,0.0389577,0.934260758,deep
ENSG00000042286,0.109397371,0.002068062,0.888534568,deep
ENSG00000042317,0.065794003,5.64E-05,0.934149595,deep
ENSG00000042429,0.003658122,0.003171177,0.993170701,deep
ENSG00000042445,0.106358324,0.112387152,0.781254525,deep
ENSG00000042493,0.000954735,0.000275559,0.998769706,deep
ENSG00000042753,0.066672642,0.01876595,0.914561408,deep
ENSG00000042781,0.025888134,0.000393824,0.973718041,deep
ENSG00000042832,0.045230518,0.013894578,0.940874905,deep
ENSG00000042980,0.000918779,4.95E-07,0.999080726,deep
ENSG00000043039,0.018437276,5.75E-05,0.981505268,deep
ENSG00000043093,0.002454187,0.030521276,0.967024537,deep
ENSG00000043143,0.033263374,0.016693806,0.950042819,deep
ENSG00000043462,0.007263072,0.193247617,0.799489312,deep
ENSG00000043514,0.009064814,0.001569225,0.989365962,deep
ENSG00000043591,0.067009573,1.08E-05,0.932979581,deep
ENSG00000044090,0.016042057,0.120778446,0.863179498,deep
ENSG00000044115,0.043533476,0.020122888,0.936343636,deep
ENSG00000044446,0.048620132,0.077110891,0.874268978,deep
ENSG00000044459,0.096870264,0.033182281,0.869947455,deep
ENSG00000044524,0.2314479,0.021109628,0.747442472,deep
ENSG00000044574,0.159363496,0.005935927,0.834700578,deep
ENSG00000046604,0.295935995,0.040562801,0.663501205,deep
ENSG00000046647,0.003027275,0.007799474,0.98917325,deep
ENSG00000046651,0.024501677,0.025022395,0.950475928,deep
ENSG00000046653,0.120554281,0.00932483,0.870120889,deep
ENSG00000046889,0.183682152,0.016506293,0.799811555,deep
ENSG00000047056,0.121000035,0.00168982,0.877310145,deep
ENSG00000047188,0.0057437,0.002450385,0.991805915,deep
ENSG00000047230,0.068157329,0.071481454,0.860361217,deep
ENSG00000047249,0.056457292,0.19375796,0.749784748,deep
ENSG00000047315,0.018964147,0.00129426,0.979741593,deep
ENSG00000047346,0.097851317,0.032472411,0.869676271,deep
ENSG00000047365,0.02050001,0.161688205,0.817811785,deep
ENSG00000047410,0.015358777,0.036270468,0.948370754,deep
ENSG00000047457,0.003926052,0.119742717,0.87633123,deep
ENSG00000047578,0.234375659,0.015369838,0.750254504,deep
ENSG00000047579,0.047367507,0.000477719,0.952154774,deep
ENSG00000047597,0.028301572,0.108718312,0.862980116,deep
ENSG00000047617,0.023460813,0.029289659,0.947249528,deep
ENSG00000047621,0.002782718,0.000809327,0.996407955,deep
ENSG00000047634,0.066837679,0.002636931,0.93052539,deep
ENSG00000047644,0.000210286,0.002934189,0.996855525,deep
ENSG00000047648,0.056555907,0.162427929,0.781016163,deep
ENSG00000047662,0.014733026,0.032942859,0.952324116,deep
ENSG00000047849,0.252535864,9.90E-06,0.747454235,deep
ENSG00000047932,0.139356237,0.012301004,0.848342759,deep
ENSG00000048028,0.027929144,0.001111658,0.970959197,deep
ENSG00000048052,0.229351499,0.000220221,0.770428279,deep
ENSG00000048140,0.099894181,0.023656544,0.876449275,deep
ENSG00000048162,0.084530136,0.002848998,0.912620866,deep
ENSG00000048342,0.279964096,0.000532669,0.719503235,deep
ENSG00000048392,0.001183043,0.020310117,0.97850684,deep
ENSG00000048405,0.091791889,0.000473866,0.907734245,deep
ENSG00000048462,0.004683875,0.100220708,0.895095417,deep
ENSG00000048471,0.010794386,0.025161198,0.964044416,deep
ENSG00000048540,0.308643312,0.017531262,0.673825426,deep
ENSG00000048544,0.015778934,0.002156794,0.982064272,deep
ENSG00000048649,0.026213646,0.024500025,0.94928633,deep
ENSG00000048707,0.018817103,0.019256907,0.96192599,deep
ENSG00000048740,0.181031059,0.054538981,0.76442996,deep
ENSG00000048828,0.196439475,0.007717479,0.795843046,deep
ENSG00000048991,0.001149652,0.001243806,0.997606542,deep
ENSG00000049089,0.047672868,0.075716027,0.876611105,deep
ENSG00000049130,0.180046698,0.026694327,0.793258975,deep
ENSG00000049167,0.004847108,0.018028205,0.977124687,deep
ENSG00000049192,0.079557883,0.022900983,0.897541134,deep
ENSG00000049239,0.001776462,0.060410899,0.937812638,deep
ENSG00000049245,0.146142635,0.000162272,0.853695093,deep
ENSG00000049246,0.012856115,6.93E-05,0.987074631,deep
ENSG00000049247,0.00928213,0.000285885,0.990431985,deep
ENSG00000049249,0.000408562,0.186585708,0.81300573,deep
ENSG00000049283,0.115673778,0.080362717,0.803963505,deep
ENSG00000049323,0.332790289,0.000946151,0.66626356,deep
ENSG00000049449,0.045542553,0.002371799,0.952085648,deep
ENSG00000049540,0.141335466,0.002687804,0.85597673,deep
ENSG00000049541,0.007875566,0.032314317,0.959810117,deep
ENSG00000049618,0.060701498,0.001282573,0.938015928,deep
ENSG00000049656,0.14780373,0.000660699,0.85153557,deep
ENSG00000049759,0.181141269,0.064960413,0.753898318,deep
ENSG00000049768,0.008615843,0.099974479,0.891409678,deep
ENSG00000049769,0.182597982,0.009087757,0.808314261,deep
ENSG00000049860,0.017111211,0.095076998,0.887811791,deep
ENSG00000049883,0.001755511,0.006715916,0.991528572,deep
ENSG00000050030,0.112780844,0.057535559,0.829683597,deep
ENSG00000050130,0.106077119,0.001100839,0.892822041,deep
ENSG00000050165,0.28912343,0.002745199,0.708131371,deep
ENSG00000050327,0.124528629,0.014841289,0.860630083,deep
ENSG00000050344,0.017279418,0.141015658,0.841704924,deep
ENSG00000050393,0.178390022,0.090720496,0.730889482,deep
ENSG00000050405,0.002160083,0.020667951,0.977171966,deep
ENSG00000050426,0.002251919,0.021860091,0.97588799,deep
ENSG00000050438,0.036382957,0.009745788,0.953871254,deep
ENSG00000050555,0.000154229,9.31E-05,0.999752628,deep
ENSG00000050628,0.102763535,0.015393892,0.881842573,deep
ENSG00000050730,0.010388271,0.098710292,0.890901437,deep
ENSG00000050748,0.019463552,0.04222595,0.938310498,deep
ENSG00000050767,0.004784071,1.65E-05,0.995199386,deep
ENSG00000050820,0.002287667,2.64E-06,0.997709691,deep
ENSG00000051009,1.71E-05,0.017990266,0.981992612,deep
ENSG00000051108,0.164935342,0.015561,0.819503658,deep
ENSG00000051128,0.07680196,0.025613677,0.897584363,deep
ENSG00000051180,0.023859871,0.003683106,0.972457023,deep
ENSG00000051341,0.000223625,0.055705327,0.944071048,deep
ENSG00000051382,0.222173402,0.035047866,0.742778732,deep
ENSG00000051523,0.013444274,0.149804236,0.83675149,deep
ENSG00000051596,0.004945524,0.012350063,0.982704413,deep
ENSG00000051620,0.112214115,0.092901,0.794884885,deep
ENSG00000051825,0.005362992,0.001953446,0.992683562,deep
ENSG00000052126,0.144179914,0.022656561,0.833163525,deep
ENSG00000052344,0.181024144,0.034046941,0.784928915,deep
ENSG00000052723,0.027072644,0.013371815,0.959555541,deep
ENSG00000052749,0.035079851,0.007085372,0.957834777,deep
ENSG00000052795,0.004134588,0.078640088,0.917225324,deep
ENSG00000052802,0.065306316,0.084301402,0.850392282,deep
ENSG00000052841,0.14636527,0.002064279,0.85157045,deep
ENSG00000053108,0.011519561,0.063886359,0.92459408,deep
ENSG00000053254,0.108861762,0.000774838,0.8903634,deep
ENSG00000053328,0.250550831,0.000128626,0.749320543,deep
ENSG00000053371,0.013134103,0.057270412,0.929595485,deep
ENSG00000053372,0.005774559,0.003833294,0.990392147,deep
ENSG00000053438,6.89E-05,0.008212701,0.991718367,deep
ENSG00000053501,0.012403144,0.000568196,0.98702866,deep
ENSG00000053524,0.007006546,0.049615561,0.943377893,deep
ENSG00000053702,0.004834968,9.62E-07,0.995164071,deep
ENSG00000053747,0.011667004,0.003149975,0.985183021,deep
ENSG00000053770,0.002692992,0.005275767,0.992031241,deep
ENSG00000053900,0.085492144,0.008733342,0.905774514,deep
ENSG00000053918,0.056446231,0.030162027,0.913391742,deep
ENSG00000054116,0.007543748,0.000229738,0.992226514,deep
ENSG00000054118,0.162295721,0.036733844,0.800970435,deep
ENSG00000054148,0.010470672,0.030386141,0.959143188,deep
ENSG00000054179,0.158587912,0.09200918,0.749402908,deep
ENSG00000054219,0.001522689,0.04150318,0.956974131,deep
ENSG00000054267,0.000745613,0.00723808,0.992016307,deep
ENSG00000054277,0.039874705,0.095639209,0.864486086,deep
ENSG00000054282,0.00024714,0.014249702,0.985503158,deep
ENSG00000054356,0.003284566,0.000684708,0.996030726,deep
ENSG00000054392,0.176729491,0.001210409,0.8220601,deep
ENSG00000054523,0.178761885,0.001262112,0.819976003,deep
ENSG00000054598,0.007933829,0.114377885,0.877688286,deep
ENSG00000054611,0.003915656,0.067074505,0.929009839,deep
ENSG00000054654,0.007181897,0.093844109,0.898973994,deep
ENSG00000054690,0.120916739,0.06321057,0.815872692,deep
ENSG00000054793,6.45E-05,0.040437409,0.959498086,deep
ENSG00000054803,0.034892977,0.014204566,0.950902457,deep
ENSG00000054938,0.115673707,0.005199908,0.879126385,deep
